01101100
00110100
01000000
10100111
10110101
00101001
11001101
11010100
00000100
10000001
00011011
11001111
11101110
00000010
00011111
00000111
00010000
01011010
11010101
00011101
01000011
01011011
10010110
10111011
00110001
00101110
11011110
10001011
11011001
01101000
10011000
01000101
10011100
11011001
11101100
01010001
00000010
10111010
00100110
00000111
00111011
01000001
11010110
00101010
01000011
11110110
00110001
01010100
01010000
00000111
01110001
10010011
01100010
00000111
01001111
10010011
00110110
00101101
00011110
00001111
10010101
10110111
01010100
00110001
10010000
01000000
10000011
10010010
11111010
10101001
10011001
00110110
11101010
01110000
01100000
00101101
01100110
10010001
10000001
10110110
10011000
11110010
01001001
11111010
11111010
10011000
10001110
00110000
11000110
10101100
00111111
01011011
01100011
10010011
10001101
11110011
11010011
00010000
10000110
11001110
10111001
00011111
00000100
10100011
10001111
01100100
11010000
11110101
11110101
01010010
10101011
10001110
01000100
11110101
10001000
00111110
10001101
00010110
01101110
01010011
11000011
10101101
10101111
00100110
01000000
00111100
00011010
00010100
01001100
10100000
11100010
00000101
10111111
11100110
10101000
01001111
01001010
01111000
01000100
00111111
11001010
11110000
11001101
00001111
11100101
01010110
01001101
01110010
01101100
10111100
11000110
00101111
01101001
01110101
01010110
10101010
10110001
01110000
10111110
11111101
00010000
10100000
00000010
11001111
10000110
10101010
00011110
11010000
00100010
01100011
00001111
11101101
01010011
11011101
11111100
00111000
00110011
01001001
10101010
10011111
00000101
01110000
11001111
01101111
11100101
00100101
00011001
10010110
10010101
11010111
10010011
10100101
01110111
10010101
01110100
11111101
00111111
10010011
11001101
01100010
11110110
11011100
01001111
01001001
10111001
01001011
10000001
11101100
10010100
00101011
10001100
10011010
10011100
01011011
00001001
10000001
10000000
00100010
00011000
00010101
11111001
10101011
10111010
01110000
01000001
00101110
01101101
10000000
11000001
00111010
11100010
10110111
00010110
00110001
00000000
11010000
01111100
10000001
10111100
00010001
10101101
01001000
10101011
01001001
10100011
10110100
11001010
00100011
11010110
11100010
00111000
11001111
10001110
11110010
00111111
11001111
00100001
10101100
01001111
11100010
11100110
00110010
10011010
11111100
01100011
10011010
11001100
11100000
00011100
10001001
11110001
11001001
11010001
10011100
00010010
01110101
01010000
11011100
10011000
00100110
10111111
11010001
11110101
01001101
11000011
00110100
00011100
11100100
11100000
01101011
11000111
11000110
10011101
01100001
11000010
00000001
11111011
10001111
11100001
00010111
00011000
11010010
11100000
11101001
01101110
11110010
01011110
10111110
11001111
11110111
11100100
10001110
11001000
11011001
11011011
10001011
00001101
11110111
01110000
11101101
01100010
00110111
10110011
00000000
10011000
01110101
00000001
10010011
00000100
11100010
10101011
00011100
10110100
10001011
00000110
00100010
01111110
01100100
11100000
01001101
01011011
11000100
11011011
00100011
10011101
10110110
10101111
10101010
10101101
00011111
10010111
00001111
01010110
01001010
00001111
11101110
10111111
00010000
10000001
11000100
11110010
00101100
11100000
10100110
10111000
11100110
11001000
00110110
01001011
10101000
10000011
10100110
01101100
01011110
11001010
00001001
00010100
01111001
10110011
11000001
10011000
01001010
11010000
11101110
10010100
11100000
11011100
01010100
11110000
01011101
00011000
11100011
10001010
11111000
10001001
01000010
11011111
01010010
01111000
00101010
11111010
11111011
11010000
01100111
01011001
10011010
01110000
01101101
00010011
00100100
00101110
10101011
01101110
11111110
10011001
00000011
11011110
01110101
01010111
11001111
11010011
01101111
10110010
01011101
01100111
00111011
10011111
01000110
10001101
00010111
01110000
10001000
00010010
01000001
11101111
01101011
11011011
01011111
11011000
11101111
10000011
00000110
10011010
11110010
00000100
00110100
11110101
11100011
10101001
01001100
10110010
01111100
10111011
01100100
11011001
00100010
10011111
01111000
01101001
00101101
10001111
11011001
10110101
10100001
00011010
10100100
00001100
11110110
00000011
11100100
11100101
10000111
11101010
01111111
01111001
11101111
10110011
01101110
11010010
01011101
10111010
10000100
11011001
01110101
11101000
10110011
10010111
10000111
00101011
00000000
10110100
10111011
11011010
01101001
01011100
11110100
00001101
01101001
11101010
00010001
01001101
11001111
10011000
00111000
01001111
00010001
00100111
00000010
01111111
11111001
01011111
00111001
01111101
00111001
10101110
01100101
11101100
01000101
11101100
00010111
01000110
10100001
11010010
00100000
00001010
00101111
00010100
00011000
10011000
11111111
00101001
11100101
11001110
11000001
00011101
00011101
11010010
01000100
00100000
01010001
00111101
01111111
10001010
10111010
10111000
00111000
00011111
10100100
01111101
00001100
10111100
11000011
10101101
10001110
11100011
10110111
10111101
11111000
11001111
01010101
11110111
11111000
00111011
11000101
10111001
01011000
11100011
10001011
10011101
00000011
11011100
11011010
10000010
01100110
10010101
00111011
10011110
10110100
11011111
00011100
11000000
10011011
11011111
01101101
00101010
11000011
00100101
11100111
10111011
11110100
00111101
10110010
11101101
01111000
01110111
10100110
11010000
01011010
00110010
01101101
01011101
00001110
01001000
11100000
01110101
11011101
00011011
00010011
10010001
11111010
00101111
01010010
10010110
00001111
10111111
11000000
11010010
11100100
10100111
10001101
11011001
11100100
00111111
11000110
01011100
10110110
01101100
00101101
00010001
10011110
10011010
01101110
10101101
11100010
01001110
00100010
10111111
01101001
00110101
01010001
01100100
01100101
10100011
11111010
01110100
01100010
10111010
01000110
01000111
01100001
11010011
00100000
01000110
00010010
11100110
10100010
11001000
01010010
11001111
11011001
11110001
01101010
01001000
10011110
01001100
10010110
11000000
00001100
00000000
11110101
01011101
01100100
01011010
00000000
01011110
11001110
01100010
00011000
00010100
10101001
01111001
11100111
11001001
10111111
11111001
10101111
01100010
11000010
00000010
00110001
10011011
11110011
10011011
11100011
10010001
11101000
01111010
01010001
11110100
01111010
01000110
01010001
11011110
10100001
01010001
00111100
01101111
10110011
01010100
10000100
01011101
11001101
01101011
00100110
10001101
01100101
11010110
11101111
00100111
11011000
00100000
11000010
11001011
10111100
10100110
01011100
10100100
00100000
10101101
10011000
10011010
11110011
11101001
01111000
10010100
00111010
10110100
00000100
11101101
00001000
10001000
01001010
11010101
11110011
01110001
01100010
01011000
01000111
01010001
01111111
00011111
01110010
01000010
11101010
00101110
11101000
01000110
11010010
00001000
11110011
01101010
10100010
11100110
01010011
00011010
01111011
10001101
11001110
01111111
01111010
11010110
00000111
11000101
10101011
11111010
00110110
00001110
01010011
01111101
01011111
11010010
10011100
11010001
00010100
10000110
11111111
11111100
11001100
11010001
00000100
10111111
00111011
10100110
10100101
10001110
11000000
00100000
00011011
10001110
10011111
10010110
01100100
10100110
01011011
00010000
10100001
10010001
00011110
11110100
00001110
01111101
11000110
10101010
01001111
11011011
00110000
01001110
11010111
11111100
00100000
11011100
10111011
01011011
10000010
01100000
11101010
01000011
10000001
00000101
11010001
00100000
10011011
00110110
11000111
11110110
01000110
01101000
10000111
01100100
01011100
10010101
11100001
00100010
00111111
00110000
11111101
01101111
01111111
11010101
01101011
10011111
10110001
00100110
11111010
00110011
10000111
11100100
01110110
00001000
11101010
01001000
00101000
10000101
01111110
11101111
01111100
11000100
01010111
00000011
00101000
10110011
10011001
00001001
11010110
11011000
00111010
11010011
01001000
10111001
10101000
10110011
01011000
01011001
11011010
01010010
10001101
01100001
00110111
00000011
01101001
00100001
01001011
10010001
10100110
11001001
10000001
00100010
10001101
11011000
00100110
10110101
10001100
10111111
10111111
01100010
10010111
11111001
00110101
11011111
10110010
11011110
10010011
00001010
00110111
01101101
01011100
11000100
11001110
10010011
11001000
00110111
10110100
00010011
11001000
01011011
11011101
01001001
01111101
01101010
00100010
10100011
00100000
10101110
01100010
11011111
00010000
11111010
11011000
01000101
11011001
10001010
00100011
01101100
10010100
01011011
11011001
11110000
00011111
10100111
10000100
11100111
11011110
00111000
11111011
10100111
10010011
11011000
11110000
00010001
01000010
00010010
10110100
01100010
11000000
00010111
01000001
11010000
00010001
00011001
00010110
11101010
10100011
00111001
01010111
00110111
10010100
00110000
00101000
10110100
11011000
10101100
10011011
10110110
11100100
10010110
01011101
01111000
01101110
01001110
10001001
10110001
01100000
00111101
00010011
00100001
01010100
01010101
11110001
01100101
01101110
00000111
01010000
00010010
01000001
10100111
01001001
11010101
11010111
01110001
10001001
10101111
00011101
00100101
01100110
00000010
10111011
11000011
01111010
00101010
00010001
00000011
11011011
01110010
01000000
