00110100
10100111
00101001
11001101
11010100
00101001
11001101
11010100
00101001
11001101
11010100
00101001
11001101
11010100
00101001
11001101
11010100
00101001
11001101
11010100
00101001
11001101
11010100
00101001
11001101
11010100
00101001
11001101
11010100
00101001
11001101
11010100
10000001
11001111
11101110
00000010
11001111
11101110
00000010
11001111
11101110
00000010
11001111
11101110
00000010
11001111
11101110
00000010
11001111
11101110
00000010
11001111
11101110
00000010
11001111
11101110
00000010
11001111
11101110
00000010
11001111
11101110
00000010
00000111
00010000
01011010
00000111
00010000
01011010
00000111
00010000
01011010
00000111
00010000
01011010
00000111
00010000
01011010
00000111
00010000
01011010
00000111
00010000
01011010
00000111
00010000
01011010
00000111
00010000
01011010
00000111
00010000
01011010
00011101
01000011
01011011
00011101
01000011
01011011
00011101
01000011
01011011
00011101
01000011
01011011
00011101
01000011
01011011
00011101
01000011
01011011
00011101
01000011
01011011
00011101
01000011
01011011
00011101
01000011
01011011
00011101
01000011
01011011
10111011
00101110
11011110
10001011
00101110
11011110
10001011
00101110
11011110
10001011
00101110
11011110
10001011
00101110
11011110
10001011
00101110
11011110
10001011
00101110
11011110
10001011
00101110
11011110
10001011
00101110
11011110
10001011
00101110
11011110
10001011
01101000
10011000
01000101
01101000
10011000
01000101
01101000
10011000
01000101
01101000
10011000
01000101
01101000
10011000
01000101
01101000
10011000
01000101
01101000
10011000
01000101
01101000
10011000
01000101
01101000
10011000
01000101
01101000
10011000
01000101
11011001
01010001
10111010
00000111
01000001
11010110
00101010
01000001
11010110
00101010
01000001
11010110
00101010
01000001
11010110
00101010
01000001
11010110
00101010
01000001
11010110
00101010
01000001
11010110
00101010
01000001
11010110
00101010
01000001
11010110
00101010
01000001
11010110
00101010
11110110
00110001
01010100
11110110
00110001
01010100
11110110
00110001
01010100
11110110
00110001
01010100
11110110
00110001
01010100
11110110
00110001
01010100
11110110
00110001
01010100
11110110
00110001
01010100
11110110
00110001
01010100
11110110
00110001
01010100
00000111
10010011
01100010
00000111
10010011
01100010
00000111
10010011
01100010
00000111
10010011
01100010
00000111
10010011
01100010
00000111
10010011
01100010
00000111
10010011
01100010
00000111
10010011
01100010
00000111
10010011
01100010
00000111
10010011
01100010
00000111
10010011
00110110
00101101
10010011
00110110
00101101
10010011
00110110
00101101
10010011
00110110
00101101
10010011
00110110
00101101
10010011
00110110
00101101
10010011
00110110
00101101
10010011
00110110
00101101
10010011
00110110
00101101
10010011
00110110
00101101
00001111
10110111
01010100
00110001
10110111
01010100
00110001
10110111
01010100
00110001
10110111
01010100
00110001
10110111
01010100
00110001
10110111
01010100
00110001
10110111
01010100
00110001
10110111
01010100
00110001
10110111
01010100
00110001
10110111
01010100
00110001
01000000
10010010
11111010
10101001
10010010
11111010
10101001
10010010
11111010
10101001
10010010
11111010
10101001
10010010
11111010
10101001
10010010
11111010
10101001
10010010
11111010
10101001
10010010
11111010
10101001
10010010
11111010
10101001
10010010
11111010
10101001
00110110
11101010
01110000
00110110
11101010
01110000
00110110
11101010
01110000
00110110
11101010
01110000
00110110
11101010
01110000
00110110
11101010
01110000
00110110
11101010
01110000
00110110
11101010
01110000
00110110
11101010
01110000
00110110
11101010
01110000
00101101
10010001
10110110
10011000
11110010
10110110
10011000
11110010
10110110
10011000
11110010
10110110
10011000
11110010
10110110
10011000
11110010
10110110
10011000
11110010
10110110
10011000
11110010
10110110
10011000
11110010
10110110
10011000
11110010
10110110
10011000
11110010
11111010
11111010
10011000
11111010
11111010
10011000
11111010
11111010
10011000
11111010
11111010
10011000
11111010
11111010
10011000
11111010
11111010
10011000
11111010
11111010
10011000
11111010
11111010
10011000
11111010
11111010
10011000
11111010
11111010
10011000
00110000
10101100
01011011
01100011
10010011
01011011
01100011
10010011
01011011
01100011
10010011
01011011
01100011
10010011
01011011
01100011
10010011
01011011
01100011
10010011
01011011
01100011
10010011
01011011
01100011
10010011
01011011
01100011
10010011
01011011
01100011
10010011
11110011
11010011
00010000
11110011
11010011
00010000
11110011
11010011
00010000
11110011
11010011
00010000
11110011
11010011
00010000
11110011
11010011
00010000
11110011
11010011
00010000
11110011
11010011
00010000
11110011
11010011
00010000
11110011
11010011
00010000
11001110
00011111
00000100
10100011
00011111
00000100
10100011
00011111
00000100
10100011
00011111
00000100
10100011
00011111
00000100
10100011
00011111
00000100
10100011
00011111
00000100
10100011
00011111
00000100
10100011
00011111
00000100
10100011
00011111
00000100
10100011
01100100
11010000
11110101
01100100
11010000
11110101
01100100
11010000
11110101
01100100
11010000
11110101
01100100
11010000
11110101
01100100
11010000
11110101
01100100
11010000
11110101
01100100
11010000
11110101
01100100
11010000
11110101
01100100
11010000
11110101
01010010
10101011
10001110
01010010
10101011
10001110
01010010
10101011
10001110
01010010
10101011
10001110
01010010
10101011
10001110
01010010
10101011
10001110
01010010
10101011
10001110
01010010
10101011
10001110
01010010
10101011
10001110
01010010
10101011
10001110
11110101
00111110
00010110
01101110
01010011
00010110
01101110
01010011
00010110
01101110
01010011
00010110
01101110
01010011
00010110
01101110
01010011
00010110
01101110
01010011
00010110
01101110
01010011
00010110
01101110
01010011
00010110
01101110
01010011
00010110
01101110
01010011
10101101
10101111
00100110
10101101
10101111
00100110
10101101
10101111
00100110
10101101
10101111
00100110
10101101
10101111
00100110
10101101
10101111
00100110
10101101
10101111
00100110
10101101
10101111
00100110
10101101
10101111
00100110
10101101
10101111
00100110
00111100
00010100
10100000
00000101
11100110
10101000
01001111
11100110
10101000
01001111
11100110
10101000
01001111
11100110
10101000
01001111
11100110
10101000
01001111
11100110
10101000
01001111
11100110
10101000
01001111
11100110
10101000
01001111
11100110
10101000
01001111
11100110
10101000
01001111
01111000
00111111
11110000
00001111
11100101
01010110
00001111
11100101
01010110
00001111
11100101
01010110
00001111
11100101
01010110
00001111
11100101
01010110
00001111
11100101
01010110
00001111
11100101
01010110
00001111
11100101
01010110
00001111
11100101
01010110
00001111
11100101
01010110
01110010
01101100
10111100
01110010
01101100
10111100
01110010
01101100
10111100
01110010
01101100
10111100
01110010
01101100
10111100
01110010
01101100
10111100
01110010
01101100
10111100
01110010
01101100
10111100
01110010
01101100
10111100
01110010
01101100
10111100
00101111
01110101
01010110
10101010
01110101
01010110
10101010
01110101
01010110
10101010
01110101
01010110
10101010
01110101
01010110
10101010
01110101
01010110
10101010
01110101
01010110
10101010
01110101
01010110
10101010
01110101
01010110
10101010
01110101
01010110
10101010
01110000
10111110
11111101
01110000
10111110
11111101
01110000
10111110
11111101
01110000
10111110
11111101
01110000
10111110
11111101
01110000
10111110
11111101
01110000
10111110
11111101
01110000
10111110
11111101
01110000
10111110
11111101
01110000
10111110
11111101
10100000
11001111
10101010
11010000
01100011
11101101
01010011
11011101
11101101
01010011
11011101
11101101
01010011
11011101
11101101
01010011
11011101
11101101
01010011
11011101
11101101
01010011
11011101
11101101
01010011
11011101
11101101
01010011
11011101
11101101
01010011
11011101
11101101
01010011
11011101
00111000
01001001
10101010
10011111
01001001
10101010
10011111
01001001
10101010
10011111
01001001
10101010
10011111
01001001
10101010
10011111
01001001
10101010
10011111
01001001
10101010
10011111
01001001
10101010
10011111
01001001
10101010
10011111
01001001
10101010
10011111
01110000
11001111
01101111
01110000
11001111
01101111
01110000
11001111
01101111
01110000
11001111
01101111
01110000
11001111
01101111
01110000
11001111
01101111
01110000
11001111
01101111
01110000
11001111
01101111
01110000
11001111
01101111
01110000
11001111
01101111
00100101
00011001
10010110
00100101
00011001
10010110
00100101
00011001
10010110
00100101
00011001
10010110
00100101
00011001
10010110
00100101
00011001
10010110
00100101
00011001
10010110
00100101
00011001
10010110
00100101
00011001
10010110
00100101
00011001
10010110
11010111
10010011
10100101
11010111
10010011
10100101
11010111
10010011
10100101
11010111
10010011
10100101
11010111
10010011
10100101
11010111
10010011
10100101
11010111
10010011
10100101
11010111
10010011
10100101
11010111
10010011
10100101
11010111
10010011
10100101
10010101
01110100
11111101
10010101
01110100
11111101
10010101
01110100
11111101
10010101
01110100
11111101
10010101
01110100
11111101
10010101
01110100
11111101
10010101
01110100
11111101
10010101
01110100
11111101
10010101
01110100
11111101
10010101
01110100
11111101
10010011
11001101
01100010
